[
[0,7781,10466,7435,7323,4856,5950,2100,7634,7311,6213,2916,2446,1858,2420,942,2175,2424,3082,528,3519,1051,4653,3039,982,4236,1182,2315,4333,665,3055,2445,3910,3637,1938,979,630,1053,3562,266,2013,2982,1256,3313,1935,966,743,2526,3703,3104],
[7781,0,1630,1159,992,556,652,2129,1005,902,771,251,264,226,192,1570,186,376,281,1140,371,86,484,298,139,419,106,209,406,945,241,218,383,350,137,943,1095,127,297,127,258,295,69,286,141,741,76,257,366,289],
[10466,1630,0,1755,1335,1060,1025,350,1559,1509,1218,405,378,303,377,174,387,435,473,94,709,191,806,553,122,746,161,347,736,134,533,366,609,619,311,184,113,165,659,41,299,580,236,578,313,155,98,407,543,575],
[7435,1159,1755,0,1107,588,840,284,1229,1102,1047,380,408,296,389,69,260,401,440,38,547,181,596,1572,148,724,126,403,555,64,481,248,658,636,291,62,54,269,517,14,316,320,154,391,143,112,99,326,539,414],
[7323,992,1335,1107,0,597,695,167,985,834,953,431,471,354,359,63,294,258,328,35,391,160,551,323,106,621,223,228,554,44,363,357,545,480,259,90,47,161,350,28,320,282,118,333,115,209,63,288,506,263],
[4856,556,1060,588,597,0,480,82,669,660,385,263,158,103,163,93,134,104,290,35,169,93,392,130,222,200,52,231,253,24,117,114,363,220,98,15,17,60,281,24,239,172,598,374,322,37,19,136,207,321],
[5950,652,1025,840,695,480,0,227,595,607,576,227,258,173,262,51,233,210,208,36,234,135,288,193,47,273,134,150,308,31,157,214,310,249,153,60,43,87,212,45,109,190,97,200,122,70,61,169,240,184],
[2100,2129,350,284,167,82,227,0,210,202,113,32,41,31,55,322,50,63,51,252,67,8,95,56,18,76,19,40,63,250,35,33,69,48,29,211,224,26,67,49,37,57,10,51,28,153,14,45,70,59],
[7634,1005,1559,1229,985,669,595,210,0,899,821,344,300,214,267,84,242,282,310,54,341,113,466,378,82,477,141,216,477,74,328,262,411,405,207,86,62,117,371,34,226,313,105,303,170,86,81,271,359,296],
[7311,902,1509,1102,834,660,607,202,899,0,770,270,233,191,209,92,273,220,275,57,351,117,453,302,100,430,116,199,480,80,276,220,371,332,202,88,69,103,379,6,151,289,130,323,179,87,58,242,336,310],
[6213,771,1218,1047,953,385,576,113,821,770,0,376,400,331,263,42,205,207,212,38,331,155,503,361,72,503,168,164,498,52,326,229,493,547,165,69,38,148,296,27,176,226,65,276,87,84,61,253,331,213],
[2916,251,405,380,431,263,227,32,344,270,376,0,432,344,179,4,230,103,113,6,76,435,146,107,25,190,406,120,166,6,67,164,207,126,153,17,2,66,103,2,184,82,72,76,41,31,22,132,145,79],
[2446,264,378,408,471,158,258,41,300,233,400,432,0,585,275,6,235,152,119,5,77,163,161,117,19,164,380,114,190,8,125,194,191,159,190,51,2,131,50,0,108,37,43,68,41,30,43,140,122,78],
[1858,226,303,296,354,103,173,31,214,191,331,344,585,0,163,6,209,126,80,3,54,150,119,92,14,146,316,74,159,0,95,161,129,132,173,45,2,110,44,0,76,36,26,60,17,23,16,97,108,40],
[2420,192,377,389,359,163,262,55,267,209,263,179,275,163,0,14,93,66,118,0,85,81,112,129,39,141,100,71,156,11,63,79,126,130,81,28,0,46,76,0,70,47,28,81,60,17,26,105,92,74],
[942,1570,174,69,63,93,51,322,84,92,42,4,6,6,14,0,15,22,30,223,29,2,33,15,10,26,2,26,39,174,12,19,27,32,2,147,147,8,26,11,16,27,15,29,12,90,6,12,20,18],
[2175,186,387,260,294,134,233,50,242,273,205,230,235,209,93,15,0,104,196,0,88,88,125,72,17,120,137,70,149,12,84,270,87,80,295,26,9,64,97,0,79,63,41,75,42,20,12,116,82,85],
[2424,376,435,401,258,104,210,63,282,220,207,103,152,126,66,22,104,0,73,14,80,66,99,99,4,120,71,90,124,20,58,109,108,92,73,72,24,145,52,0,36,49,25,61,32,17,15,101,93,52],
[3082,281,473,440,328,290,208,51,310,275,212,113,119,80,118,30,196,73,0,9,97,52,121,89,38,139,39,74,157,16,84,136,128,108,119,28,9,41,96,6,103,100,74,105,75,17,22,136,100,92],
[528,1140,94,38,35,35,36,252,54,57,38,6,5,3,0,223,0,14,9,0,24,0,34,6,9,14,4,2,19,156,11,4,17,11,3,125,143,2,19,10,8,14,3,25,4,83,2,8,20,9],
[3519,371,709,547,391,169,234,67,341,351,331,76,77,54,85,29,88,80,97,24,0,34,162,130,18,158,35,85,152,20,127,81,122,135,44,28,28,22,152,18,91,122,39,141,58,37,25,88,120,119],
[1051,86,191,181,160,93,135,8,113,117,155,435,163,150,81,2,88,66,52,0,34,0,64,61,9,72,181,69,71,5,19,67,56,86,73,13,7,39,33,3,52,35,38,47,16,7,6,58,44,28],
[4653,484,806,596,551,392,288,95,466,453,503,146,161,119,112,33,125,99,121,34,162,64,0,151,41,238,57,81,248,19,137,132,239,222,101,36,31,59,155,20,56,138,69,161,75,56,35,120,190,131],
[3039,298,553,1572,323,130,193,56,378,302,361,107,117,92,129,15,72,99,89,6,130,61,151,0,20,184,51,97,133,23,86,69,146,156,74,14,18,70,121,9,48,84,35,87,35,17,32,92,108,86],
[982,139,122,148,106,222,47,18,82,100,72,25,19,14,39,10,17,4,38,9,18,9,41,20,0,44,4,20,58,0,22,19,32,25,3,0,0,8,19,14,19,16,28,26,31,12,8,60,37,17],
[4236,419,746,724,621,200,273,76,477,430,503,190,164,146,141,26,120,120,139,14,158,72,238,184,44,0,65,114,277,22,147,107,216,218,104,22,18,84,141,10,122,104,31,123,51,71,30,139,181,107],
[1182,106,161,126,223,52,134,19,141,116,168,406,380,316,100,2,137,71,39,4,35,181,57,51,4,65,0,47,64,6,30,83,74,52,97,17,0,48,29,5,47,14,20,43,14,9,12,49,63,34],
[2315,209,347,403,228,231,150,40,216,199,164,120,114,74,71,26,70,90,74,2,85,69,81,97,20,114,47,0,111,19,54,72,104,78,52,18,22,15,53,8,99,48,52,69,38,21,16,45,70,56],
[4333,406,736,555,554,253,308,63,477,480,498,166,190,159,156,39,149,124,157,19,152,71,248,133,58,277,64,111,0,20,132,157,223,224,117,36,26,75,159,6,85,140,60,161,73,50,23,160,199,96],
[665,945,134,64,44,24,31,250,74,80,52,6,8,0,11,174,12,20,16,156,20,5,19,23,0,22,6,19,20,0,7,6,24,20,4,116,101,2,21,8,15,8,6,20,12,72,7,16,19,17],
[3055,241,533,481,363,117,157,35,328,276,326,67,125,95,63,12,84,58,84,11,127,19,137,86,22,147,30,54,132,7,0,78,149,118,48,16,12,44,103,2,52,78,27,89,39,26,22,64,105,79],
[2445,218,366,248,357,114,214,33,262,220,229,164,194,161,79,19,270,109,136,4,81,67,132,69,19,107,83,72,157,6,78,0,137,96,164,36,5,69,79,2,122,45,38,69,33,7,8,97,100,66],
[3910,383,609,658,545,363,310,69,411,371,493,207,191,129,126,27,87,108,128,17,122,56,239,146,32,216,74,104,223,24,149,137,0,224,82,41,20,79,108,9,118,96,61,112,63,32,14,128,171,104],
[3637,350,619,636,480,220,249,48,405,332,547,126,159,132,130,32,80,92,108,11,135,86,222,156,25,218,52,78,224,20,118,96,224,0,68,20,15,61,134,25,113,93,45,114,47,45,32,121,148,91],
[1938,137,311,291,259,98,153,29,207,202,165,153,190,173,81,2,295,73,119,3,44,73,101,74,3,104,97,52,117,4,48,164,82,68,0,12,3,46,64,0,38,60,39,46,17,13,2,58,69,52],
[979,943,184,62,90,15,60,211,86,88,69,17,51,45,28,147,26,72,28,125,28,13,36,14,0,22,17,18,36,116,16,36,41,20,12,0,113,20,29,2,24,17,5,20,11,52,6,21,38,31],
[630,1095,113,54,47,17,43,224,62,69,38,2,2,2,0,147,9,24,9,143,28,7,31,18,0,18,0,22,26,101,12,5,20,15,3,113,0,4,25,8,10,22,3,28,4,71,6,16,22,12],
[1053,127,165,269,161,60,87,26,117,103,148,66,131,110,46,8,64,145,41,2,22,39,59,70,8,84,48,15,75,2,44,69,79,61,46,20,4,0,14,0,15,19,13,24,9,12,12,71,63,13],
[3562,297,659,517,350,281,212,67,371,379,296,103,50,44,76,26,97,52,96,19,152,33,155,121,19,141,29,53,159,21,103,79,108,134,64,29,25,14,0,9,91,146,61,117,71,18,12,75,119,113],
[266,127,41,14,28,24,45,49,34,6,27,2,0,0,0,11,0,0,6,10,18,3,20,9,14,10,5,8,6,8,2,2,9,25,0,2,8,0,9,0,48,4,0,23,2,5,4,2,6,5],
[2013,258,299,316,320,239,109,37,226,151,176,184,108,76,70,16,79,36,103,8,91,52,56,48,19,122,47,99,85,15,52,122,118,113,38,24,10,15,91,48,0,32,47,48,31,25,4,44,124,94],
[2982,295,580,320,282,172,190,57,313,289,226,82,37,36,47,27,63,49,100,14,122,35,138,84,16,104,14,48,140,8,78,45,96,93,60,17,22,19,146,4,32,0,39,100,60,23,19,52,103,83],
[1256,69,236,154,118,598,97,10,105,130,65,72,43,26,28,15,41,25,74,3,39,38,69,35,28,31,20,52,60,6,27,38,61,45,39,5,3,13,61,0,47,39,0,80,84,0,7,43,36,54],
[3313,286,578,391,333,374,200,51,303,323,276,76,68,60,81,29,75,61,105,25,141,47,161,87,26,123,43,69,161,20,89,69,112,114,46,20,28,24,117,23,48,100,80,0,69,24,20,79,101,87],
[1935,141,313,143,115,322,122,28,170,179,87,41,41,17,60,12,42,32,75,4,58,16,75,35,31,51,14,38,73,12,39,33,63,47,17,11,4,9,71,2,31,60,84,69,0,8,9,67,54,56],
[966,741,155,112,209,37,70,153,86,87,84,31,30,23,17,90,20,17,17,83,37,7,56,17,12,71,9,21,50,72,26,7,32,45,13,52,71,12,18,5,25,23,0,24,8,0,6,20,25,23],
[743,76,98,99,63,19,61,14,81,58,61,22,43,16,26,6,12,15,22,2,25,6,35,32,8,30,12,16,23,7,22,8,14,32,2,6,6,12,12,4,4,19,7,20,9,6,0,24,19,11],
[2526,257,407,326,288,136,169,45,271,242,253,132,140,97,105,12,116,101,136,8,88,58,120,92,60,139,49,45,160,16,64,97,128,121,58,21,16,71,75,2,44,52,43,79,67,20,24,0,85,80],
[3703,366,543,539,506,207,240,70,359,336,331,145,122,108,92,20,82,93,100,20,120,44,190,108,37,181,63,70,199,19,105,100,171,148,69,38,22,63,119,6,124,103,36,101,54,25,19,85,0,106],
[3104,289,575,414,263,321,184,59,296,310,213,79,78,40,74,18,85,52,92,9,119,28,131,86,17,107,34,56,96,17,79,66,104,91,52,31,12,13,113,5,94,83,54,87,56,23,11,80,106,0]
]